27983	26819	54802
25915	24605	50520
27579	25854	53433
25449	24342	49791
28403	26656	55059
29298	27649	56947
31365	29804	61169
31324	29482	60806
30648	29660	60308
28613	27324	55937
26389	25302	51691
26933	25289	52222
28042	26486	54528
26302	24978	51280
28042	26984	55026
27494	25665	53159
29222	27461	56683
28662	26863	55525
31343	30003	61346
31482	30192	61674
30441	29174	59615
29609	28247	57856
27630	25960	53590
27360	25902	53262
28739	27180	55919
25655	24131	49786
27664	26558	54222
27648	25989	53637
29358	27410	56768
29315	27754	57069
33045	31163	64208
31768	30672	62440
32007	30718	62725
29646	28479	58125
27342	25643	52985
27633	26552	54185
29448	28069	57517
27289	26055	53344
28839	27481	56320
28731	27328	56059
30744	28459	59203
31224	29322	60546
34231	32729	66960
33112	31346	64458
33225	31766	64991
31499	30097	61596
28787	27349	56136
29706	28091	57797
30328	29162	59490
27295	26053	53348
30047	28428	58475
28940	27724	56664
31141	29814	60955
32819	30638	63457
35168	33061	68229
34787	32874	67661
34766	32812	67578
32546	31250	63796
30017	28395	58412
30624	28886	59510
